2    4
1    2
3    1
4    5
2    1
4    1    6
5    8
5    8
1    3
8    6    2
2    6    7
5   14   11    1
5   14    2    1
6   14   11    2    4
5    2    6
2    4    7   13
8   13   11    7    2
9   18   19
20   5   11
8   16   10   13
17  15   20   13
7   13   17    6   19    4    3
7    9   13    6   11    4    3
23  13   17   11   18    4    3
3   18    4    9    2   17   22   24
19  12    9   17    4   23   11   22
12  15    1   13    6    4    3    2   24
8   12   24
4   19    6   10   21   13   28
4   10   14   11    7   20   28    6   24
3   23   18   15    7   24   26    4
8   12    9    7   28   18   27   30    5
27  20   22    4    2
29  26
37   6   32   24   10    4   35   34
1    6
2    5
11   5
3   12   10   19
1   10   14   18
11   3
3   20   14   18   22   27
23  13   17   11   18    4    3
4   10   18    2   21   14
14  17   22    4   18    2    3
18  16   10   23
16  15   19   17   22   14
3   28    1   11    8
10  29   36   16   11
34  49    2   47   31
2   12    5    8
23    9   13   19    4    3   18
